8801886000557
8801886000557
8801886002262
8801886002262
8801886006636
8801886006636
8801886006665
8801886006665
8801886066229
8801886066229
8801886117717
8801886117717
8801886118110
8801886118114
8801886118110
8801886166005
8801886166005
8801886166229
8801886166229
8801886166559
8801886166559
8801886220008
8801886221191
8801886221191
8801886222991
8801886222991
8801886224484
8801886224484
8801886266003
8801886266003
8801886266117
8801886266117
8801886266226
8801886266226
8801886266883
8801886332223
8801886332228
8801886332228
8801886332223
8801886335332
8801886335332
8801886339330
8801886339330
8801886363662
8801886363662
8801886366552
8801886366552
8801886443313
8801886443313
8801886445449
8801886445449
8801886466004
8801886466004
8801886466110
8801886466117
8801886466113
8801886466110
8801886466337
8801886466551
8801886466551
8801886466992
8801886466992
8801886550090
8801886550090
8801886551181
8801886551181
8801886565500
8801886565500
8801886566551
8801886566992
8801886566992
8801886633535
8801886633535
8801886646636
8801886661668
8801886661668
8801886668660
8801886668660
8801886676660
8801886699292
8801886699292
8801886766771
8801886766777
8801886766777
8801886766771
8801886774448
8801886774448
8801886777667
8801886866113
8801886866115
8801886866116
8801886866119
8801886866117
8801886866116
8801886866115
8801886866228
8801886866229
8801886866447
8801886866448
8801886866449
8801886866449
8801886866448
8801886866447
8801886866646
8801886866646
8801886866771
8801886866774
8801886866774
8801886866992
8801886866990
8801886881151
8801886881151
8801886966005
8801886966009
8801886966008
8801886966114
8801886966115
8801886966115
8801886966114
8801886966225
8801886966227
8801886966229
8801886966229
8801886966227
8801886966225
8801886966338
8801886966337
8801886966442
8801886966445
8801886966551
8801886966552
8801886966559
8801886966558
8801886966552
8801886966616
8801886966616
8801886966774
8801886966775
8801886966775
8801886966881
8801886966881
8801886969949
8801886991131
8801886991131
8801886991151
8801886991171
8801886991171
8801886991998
8801886991998
8801886992223
8801886992223
8801886993339
8801886993339
8801886993363
8801886993383
8801886993383
8801886994404
8801886994442
8801886994442
8801886995535
8801886995535
8801886995545
8801886995545
8801886995557
8801886995557
8801886997747
8801886997747
8801886997977
8801886998848
8801886998848
8801886999443
8801886999443