8801886000774
8801886000778
8801886000778
8801886000774
8801886002262
8801886002262
8801886003323
8801886003323
8801886003343
8801886003343
8801886005559
8801886005559
8801886066229
8801886066229
8801886066339
8801886066339
8801886066565
8801886066565
8801886110007
8801886115550
8801886115550
8801886116661
8801886116661
8801886161668
8801886161668
8801601000707
8801886166005
8801886166007
8801886166007
8801886166005
8801886222440
8801886224448
8801886226616
8801886226616
8801886266117
8801886266334
8801886266883
8801886331114
8801886339969
8801886339969
8801886366552
8801886366565
8801886366552
8801886366565
8801886444747
8801886444747
8801886444887
8801886444887
8801886448440
8801886466004
8801886466004
8801886466337
8801886466444
8801886466551
8801886466992
8801886466998
8801886466998
8801886466992
8801886558551
8801886558551
8801886559599
8801886559599
8801886566882
8801886646636
8801886669668
8801886766161
8801886766600
8801886766699
8801886766699
8801886774747
8801886777003
8801886866003
8801886866003
8801886866113
8801886866114
8801886866115
8801886866119
8801886866116
8801886866115
8801886866114
8801886866228
8801886866229
8801886866447
8801886866448
8801886866449
8801886866449
8801886866448
8801886866447
8801886866656
8801886866656
8801886866774
8801886866774
8801886866992
8801886866992
8801886884449
8801886884449
8801886888991
8801886966002
8801886966009
8801886966008
8801886966114
8801886966115
8801886966119
8801886966115
8801886966114
8801886966225
8801886966227
8801886966229
8801886966229
8801886966227
8801886966225
8801886966337
8801886966442
8801886966445
8801886966551
8801886966552
8801886966559
8801886966558
8801886966552
8801886966774
8801886966774
8801886966881
8801886966887
8801886966881
8801886969949
8801886990080
8801886990080
8801886990992
8801886990992
8801886993383
8801886993383
8801886997747
8801886997747
8801886997779
8801886997977