8801601011005
8801601011334
8801601011665
8801601144040
8801601155577
8801601155577
8801601177767
8801601177767
8801601220020
8801601226636
8801601226636
8801601228221
8801601228882
8801601229949
8801601311007
8801601311661
8801601333838
8801601411558
8801601411558
8801601440448
8801601443373
8801601511880
8801601550020
8801601550040
8801601559599
8801601616660
8801601663339
8801601663339
8801601711009
8801601711009
8801601717747
8801601717787
8801601717787
8801601773779
8801601773779
8801601776676
8801601776676
8801601777171
8801601777171
8801601811442
8801601811442
8801601811889
8801601811889
8801601811995
8801601811995
8801601818886
8801601882886
8801601882889
8801601882889
8801601882886
8801601883343
8801601883889
8801601883889
8801601884494
8801601884494
8801601884887
8801601884887
8801601889880
8801601889880
8801601911212
8801601911212
8801601911331
8801601911339
8801601911339
8801601911331
8801601911551
8801601911551
8801601911667
8801601911667
8801601911770
8801601911770
8801601991141
8801601991141
8801601991161
8801601991161
8801601995993
8801601995993
8801601996966
8801601996966
8801601997775
8801601997775
8801601998997